143.0395966, 5.7393970489501953125
153.5769958, 3.597194671630859375
153.3328552, 3.6070270538330078125
153.089325, 3.6274394989013671875
152.8462524, 3.652462005615234375
152.6029968, 3.67591094970703125
152.3591614, 3.691600799560546875
152.1148834, 3.698497772216796875
151.8706818, 3.707611083984375
151.6265564, 3.718914031982421875
151.3825226, 3.731525421142578125
151.1384888, 3.7445621490478515625
150.8944397, 3.757144927978515625
150.6503296, 3.768398284912109375
150.4061279, 3.777431488037109375
150.1618347, 3.7833652496337890625
149.9174652, 3.7856903076171875
149.6730957, 3.7850208282470703125
149.4287415, 3.782154083251953125
149.1844025, 3.7778949737548828125
148.9400787, 3.773036956787109375
148.695755, 3.76837921142578125
148.4514008, 3.764720916748046875
148.2070312, 3.7628574371337890625
147.9626617, 3.7635898590087890625
147.7184143, 3.769229888916015625
147.475708, 3.797412872314453125
147.2326355, 3.82176971435546875
146.9885559, 3.8334293365478515625
146.7447205, 3.849544525146484375
146.5011902, 3.8698272705078125
146.2580109, 3.893985748291015625
146.0152283, 3.9217376708984375
145.7727356, 3.9521427154541015625
145.5303192, 3.982959747314453125
145.2880554, 4.014789581298828125
145.0486145, 4.063373565673828125
144.8154907, 4.1360321044921875
144.6002045, 4.250316619873046875
144.438324, 4.4304332733154296875
144.3713837, 4.663639068603515625
144.3987122, 4.90509033203125
144.5227356, 5.1129627227783203125
144.733963, 5.23096466064453125
144.9715271, 5.2877216339111328125
145.2050781, 5.3582248687744140625
145.440155, 5.424648284912109375
145.6784973, 5.478610992431640625
145.9161682, 5.5352306365966796875
146.1060333, 5.6785755157470703125
146.2730255, 5.8569355010986328125
146.4680481, 6.002407073974609375
146.6980591, 6.0839557647705078125
146.9364319, 6.137134552001953125
147.1784058, 6.171527862548828125
147.4190979, 6.2124538421630859375
147.624054, 6.3340930938720703125
147.6175842, 6.57196807861328125
147.5700989, 6.8111
147.6218872, 7.046932220458984375
147.7755432, 7.2352046966552734375
147.9734192, 7.3780803680419921875
148.1906281, 7.488315582275390625
148.4276581, 7.5463714599609375
148.6706696, 7.57123088836669921875
148.9148712, 7.57992267608642578125
149.1592255, 7.58305072784423828125
149.4035797, 7.5860042572021484375
149.6478119, 7.59398365020751953125
149.890625, 7.57594585418701171875
150.1347961, 7.5688686370849609375
150.3790283, 7.5768604278564453125
150.6231842, 7.58734130859375
150.8674011, 7.59591960906982421875
151.1117401, 7.5963001251220703125
151.3554077, 7.5789470672607421875
151.5953064, 7.5331935882568359375
151.8264771, 7.4546489715576171875
152.0472412, 7.349971771240234375
152.2773132, 7.2693691253662109375
152.5093994, 7.194034576416015625
152.7429657, 7.1222858428955078125
152.9799957, 7.06290435791015625
153.2195435, 7.014675140380859375
153.460907, 6.97657012939453125
153.7035675, 6.9477405548095703125
153.9470825, 6.9275035858154296875
154.1911316, 6.915325164794921875
154.4343262, 6.892787933349609375
154.678421, 6.88172149658203125
154.9227753, 6.881893157958984375
155.1671295, 6.8853511810302734375
155.411499, 6.8852825164794921875
155.6556702, 6.876132965087890625
155.8988495, 6.852565765380859375
156.1399536, 6.812854766845703125
156.3789825, 6.7620944976806640625
156.6164551, 6.704433441162109375
156.853241, 6.644008636474609375
157.0903625, 6.5849590301513671875
157.3287964, 6.531463623046875
157.5692139, 6.487766265869140625
157.8059998, 6.4292850494384765625
158.0412445, 6.363140106201171875
158.2778625, 6.3020782470703125
158.5158844, 6.2466945648193359375
158.7552643, 6.197612762451171875
158.9959106, 6.155155181884765625
159.2379913, 6.1224498748779296875
159.4820251, 6.126850128173828125
159.7251129, 6.151790618896484375
159.9691467, 6.147857666015625
160.2058411, 6.091899871826171875
160.4172211, 5.9699268341064453125
160.6531677, 5.979022979736328125
160.8813171, 6.066425323486328125
161.1212463, 6.109920501708984375
161.3648682, 6.128704071044921875
161.6085968, 6.1463947296142578125
161.8512268, 6.175380706787109375
162.0931091, 6.21013641357421875
162.3351898, 6.243457794189453125
162.5783081, 6.268054962158203125
162.822403, 6.2790775299072265625
163.0667419, 6.27752685546875
163.3107147, 6.26396942138671875
163.5538635, 6.2396869659423828125
163.7959747, 6.2065601348876953125
164.0370789, 6.166812896728515625
164.2774506, 6.1227283477783203125
164.52005, 6.0960941314697265625
164.7643127, 6.100582122802734375
165.0082092, 6.1158771514892578125
165.2517395, 6.132171630859375
165.4947205, 6.157238006591796875
165.7390137, 6.159149169921875
165.9825287, 6.1396312713623046875
166.2239838, 6.1022491455078125
166.4630432, 6.0515995025634765625
166.7001343, 5.992443084716796875
166.9339294, 5.922130584716796875
167.1609192, 5.8316173553466796875
167.3872375, 5.739452362060546875
167.615509, 5.652263641357421875
167.8474731, 5.5754222869873046875
168.0815277, 5.5051975250244140625
168.3157959, 5.4356136322021484375
168.5506744, 5.3681774139404296875
168.7857361, 5.301372528076171875
169.019516, 5.230243682861328125
169.25, 5.149181365966796875
169.466217, 5.0357265472412109375
169.6809235, 4.9191875457763671875
169.8785095, 4.775920867919921875
170.040451, 4.593841552734375
170.1415558, 4.372562408447265625
170.1631622, 4.130344390869140625
170.0896454, 3.898723602294921875
169.9628754, 3.6904392242431640625
169.7863464, 3.5227413177490234375
169.5675812, 3.4160060882568359375
169.3273621, 3.374813079833984375
169.0836945, 3.387447357177734375
168.8448029, 3.4382171630859375
168.6029968, 3.472808837890625
168.3614197, 3.5095272064208984375
168.1176758, 3.5260906219482421875
167.8733978, 3.5329113006591796875
167.6291504, 3.54030609130859375
167.3851624, 3.554180145263671875
167.1409302, 3.561969757080078125
166.896698, 3.5699253082275390625
166.6529846, 3.5876712799072265625
166.40979, 3.6116542816162109375
166.1669464, 3.638103485107421875
165.9258423, 3.6779155731201171875
165.6852722, 3.7208614349365234375
165.444046, 3.75988006591796875
165.2013092, 3.787746429443359375
164.9572601, 3.799922943115234375
164.7129517, 3.8054027557373046875
164.4688416, 3.81621551513671875
164.2263031, 3.845096588134765625
163.9861298, 3.8899974822998046875
163.7437897, 3.9207668304443359375
163.5004272, 3.9279117584228515625
163.2972107, 3.805881500244140625
163.2181244, 3.57619476318359375
163.079834, 3.37786102294921875
162.8704224, 3.2542362213134765625
162.6343079, 3.1942577362060546875
162.3902283, 3.200435638427734375
162.1461487, 3.2115325927734375
161.9019318, 3.22039031982421875
161.6576691, 3.227725982666015625
161.4134521, 3.23667144775390625
161.1694489, 3.250003814697265625
160.9253998, 3.262645721435546875
160.6813507, 3.2750072479248046875
160.437851, 3.295658111572265625
160.194931, 3.322147369384765625
159.9522247, 3.35062408447265625
159.7093048, 3.377231597900390625
159.4658356, 3.398090362548828125
159.2223511, 3.418483734130859375
158.9799957, 3.449817657470703125
158.7375183, 3.4801883697509765625
158.4937897, 3.4967498779296875
158.2499695, 3.482776641845703125
158.0068054, 3.458648681640625
157.7626343, 3.458904266357421875
157.5197144, 3.48511505126953125
157.2776184, 3.51845550537109375
157.0341949, 3.5386905670166015625
156.789917, 3.5343017578125
156.545929, 3.5207386016845703125
156.301651, 3.5188159942626953125
156.0608826, 3.55690765380859375
155.8182831, 3.5757389068603515625
155.5739288, 3.575450897216796875
155.3295593, 3.572307586669921875
155.0852051, 3.57147216796875
154.8408966, 3.5768909454345703125
154.5965881, 3.5827236175537109375
154.3522644, 3.587451934814453125
154.1079102, 3.591266632080078125
153.8635559, 3.594425201416015625
